- id: 272508f7-30ea-4f5c-a696-a57732920a5f
  name: Основной счет
  balance: 5800
- id: 9d1515f9-9569-4426-9bd2-c03d88af69ab
  name: Зарплата
  type: Income
- id: 33cd15bb-f09b-4bf3-8232-68b7e6de0af2
  name: Кафе
  type: Expense
- id: 47bd2b41-9f91-4588-bbcc-b77605f80f05
  type: Income
  bankAccountId: 272508f7-30ea-4f5c-a696-a57732920a5f
  amount: 5000
  date: 2025-03-18T19:17:49.4509490+03:00
  description: Зачисление зарплаты
  categoryId: 9d1515f9-9569-4426-9bd2-c03d88af69ab
- id: 2d12e47b-d18a-4de3-8960-771d4402453e
  type: Expense
  bankAccountId: 272508f7-30ea-4f5c-a696-a57732920a5f
  amount: 200
  date: 2025-03-18T19:17:49.4708910+03:00
  description: Посещение кафе
  categoryId: 33cd15bb-f09b-4bf3-8232-68b7e6de0af2
